Reacoes de apoio [N]
[[ 4656.85424949]
 [ 1656.85424949]
 [12343.14575051]
 [12343.14575051]
 [-4656.85424949]
 [ 1656.85424949]]

Deslocamentos [m]
[[ 0.00000000e+00]
 [ 0.00000000e+00]
 [-7.14285714e-05]
 [ 0.00000000e+00]
 [-3.47166833e-21]
 [-4.75489589e-04]
 [ 7.14285714e-05]
 [ 0.00000000e+00]
 [ 0.00000000e+00]
 [ 0.00000000e+00]
 [ 3.94489107e-05]
 [-1.51027280e-04]
 [-5.28216820e-21]
 [-4.75489589e-04]
 [-3.94489107e-05]
 [-1.51027280e-04]]

Deformacoes []
[[-7.14285714e-05]
 [-5.57891845e-05]
 [ 7.14285714e-05]
 [-1.51027280e-04]
 [-2.02030509e-04]
 [ 7.14285714e-05]
 [ 5.42101086e-20]
 [-7.14285714e-05]
 [-2.02030509e-04]
 [-1.51027280e-04]
 [-5.57891845e-05]
 [-3.94489107e-05]
 [-3.94489107e-05]]

Forcas internas [N]
[[-3.00000000e+05]
 [-2.34314575e+05]
 [ 3.00000000e+05]
 [-6.34314575e+05]
 [-8.48528137e+05]
 [ 3.00000000e+05]
 [ 2.27682456e-10]
 [-3.00000000e+05]
 [-8.48528137e+05]
 [-6.34314575e+05]
 [-2.34314575e+05]
 [-1.65685425e+05]
 [-1.65685425e+05]]

Tensoes internas [Pa]
[[-1.50000000e+07]
 [-1.17157288e+07]
 [ 1.50000000e+07]
 [-3.17157288e+07]
 [-4.24264069e+07]
 [ 1.50000000e+07]
 [ 1.13841228e-08]
 [-1.50000000e+07]
 [-4.24264069e+07]
 [-3.17157288e+07]
 [-1.17157288e+07]
 [-8.28427125e+06]
 [-8.28427125e+06]]